89 33 87 55 93 19 14 45 43 70 36 39 45 27 63 38 45 88 11 81
05 03 64 62 35 69 64 09 80 45 99 92 45 74 41 26 04 95 56 47
44 68 35 64 70 18 13 63 61 51 07 78 50 60 79 15 34 93 00 21
06 53 39 77 66 42 13 97 14 78 52 48 76 41 72 73 28 12 41 13
51 49 99 40 32 42 96 57 74 47 38 78 21 51 44 85 39 68 61 85
48 14 15 09 51 20 95 82 56 75 73 63 18 14 19 23 40 32 59 52
85 01 69 86 58 40 17 92 86 62 52 72 07 47 86 86 58 94 58 07
06 89 63 73 75 06 76 14 62 21 51 07 05 99 16 58 49 40 19 95
01 76 34 31 98 92 04 83 36 16 92 59 66 34 13 38 25 26 09 98
76 82 81 38 53 33 81 59 50 02 45 13 71 01 79 95 08 53 43 04
76 37 34 32 77 02 28 47 95 43 92 74 12 78 51 40 86 89 55 60
17 50 94 65 65 45 69 07 62 61 54 44 06 52 37 85 57 67 16 55
58 17 47 13 32 44 47 64 97 86 61 17 82 07 61 18 43 00 18 05
19 31 25 63 28 40 54 35 44 79 94 78 97 72 55 71 00 74 23 05
55 59 28 39 27 81 18 47 58 66 53 17 68 85 17 05 63 41 66 83
75 12 84 47 58 76 79 49 19 82 89 29 65 04 00 69 48 12 93 40
58 64 06 54 83 68 75 57 08 31 39 48 86 39 98 43 47 77 41 99
27 01 77 41 86 89 39 63 85 16 64 82 77 18 39 92 61 09 49 05
71 55 01 18 12 42 63 72 54 18 44 57 66 72 46 64 70 27 43 14
05 25 35 20 91 60 93 20 51 56 28 33 25 63 44 48 17 48 21 15
